token 1b:wq_wo 1b:wk_wv 1b:w1_w3 1b:w2 3b:wq_wo 3b:wk_wv 3b:w1_w3 3b:w2 8b:wq_wo 8b:wk_wv 8b:w1_w3 8b:w2 geomean_vs_base kernel
base 3.82 0.97 15.03 14.29 8.78 2.92 23.42 21.43 14.61 3.64 51.21 49.49 1.000 
orin_bf_t128x128k64g22s32mk32ra 3.79 0.94 15.34 14.89 8.41 2.71 22.43 22.39 15.06 3.66 53.11 52.11 0.997 
orin_bf_t128x128k64g24s32mk32ra 3.39 0.83 13.51 12.60 7.22 2.41 19.25 18.89 12.74 3.19 44.54 43.31 1.158 
orin_bf_t128x128k64g42s32mk32ra 3.40 0.83 13.54 12.70 7.18 2.39 19.13 19.08 12.84 3.21 44.97 43.61 1.154 
orin_bf_t64x128k64g22s32mk32ra 3.72 0.92 14.83 14.25 8.42 2.70 22.38 21.50 14.76 3.55 51.81 49.81 1.022 
orin_bf_t64x128k64g42s32mk32ra 3.91 0.98 15.60 15.47 8.64 2.86 22.99 23.19 15.18 3.79 53.15 53.86 0.969 
orin_bf_t64x64k128g24s32mk32ra 5.54 1.39 22.10 22.02 12.23 4.09 32.57 33.01 21.49 5.40 75.13 76.49 0.683 
orin_bf_t64x64k128g42s32mk32ra 5.42 1.36 21.66 21.58 11.97 4.00 31.92 32.34 21.07 5.29 73.58 74.91 0.697 
orin_bf_t64x64k64g22s32mk32ra 4.39 1.10 17.52 17.14 9.63 3.21 25.64 25.67 16.96 4.26 59.29 59.40 0.868 
