token 1b:wq_wo 1b:wk_wv 1b:w1_w3 1b:w2 3b:wq_wo 3b:wk_wv 3b:w1_w3 3b:w2 8b:wq_wo 8b:wk_wv 8b:w1_w3 8b:w2 geomean_vs_base kernel
4070ti_bh_t128x128k64g42s32mk32ra 4.36 1.03 17.40 16.50 9.12 3.04 24.31 24.74 16.04 4.01 56.12 56.05 0.908 
4070ti_bh_t128x128k64g44s32mk32ra 3.67 0.93 14.59 13.94 8.04 2.68 21.42 20.90 14.02 3.51 49.10 47.89 1.049 
base 3.83 0.97 15.02 14.29 8.77 2.92 23.36 21.41 14.61 3.65 51.20 49.51 1.000 
orin_bf1_t128x128k128g24s32mk32ra 4.16 1.01 16.46 16.18 9.03 3.00 24.01 24.28 15.91 3.98 55.79 56.45 0.924 
orin_bf1_t128x128k128g42s32mk32ra 4.05 0.99 15.89 14.17 9.02 3.01 24.02 21.25 15.82 3.96 55.44 49.15 0.964 
orin_bf1_t128x128k128g44s32mk32ra 4.13 1.03 16.45 16.90 9.00 3.00 23.99 25.35 15.72 3.93 55.04 58.82 0.917 
orin_bf1_t128x128k64g42s32mk32ra 3.95 0.98 15.78 14.82 8.36 2.79 22.26 22.25 15.04 3.77 52.65 51.10 0.987 
orin_bf1_t256x128k64g44s32mk32ra 4.99 1.16 19.92 19.29 11.05 3.69 29.47 28.94 19.56 4.90 68.35 67.53 0.765 
orin_bf_t128x128k64g24s32mk32ra 3.39 0.83 13.49 12.59 7.22 2.42 19.26 18.89 12.72 3.19 44.49 43.30 1.158 
orin_bf_t128x128k64g42s32mk32ra 3.40 0.83 13.54 12.70 7.19 2.40 19.14 19.07 12.84 3.21 44.91 43.58 1.154 
orin_bf_t128x128k64g44s32mk32ra 3.77 0.95 14.84 14.34 8.31 2.78 22.14 21.49 14.44 3.62 50.65 49.76 1.019 
orin_bf_t256x128k32g44s32mk32ra 4.46 1.17 17.71 16.49 9.73 3.23 25.98 24.79 16.63 4.20 58.76 56.86 0.872 
