token 1b:wq_wo 1b:wk_wv 1b:w1_w3 1b:w2 3b:wq_wo 3b:wk_wv 3b:w1_w3 3b:w2 8b:wq_wo 8b:wk_wv 8b:w1_w3 8b:w2 geomean_vs_base kernel
4070ti_t128x128k16g42s32gac 5.67 1.39 22.49 22.00 12.62 4.22 33.73 33.03 22.28 5.58 78.21 76.81 0.515 
4070ti_t128x128k32g24s32gac 4.57 1.15 18.08 17.63 10.18 3.40 27.00 26.44 17.93 4.48 62.85 61.43 0.639 
4070ti_t128x128k32g42s32gac 4.72 1.19 18.53 18.28 10.56 3.53 28.10 27.43 18.60 4.65 65.23 63.59 0.617 
4070ti_t128x128k32g44s32gac 5.87 1.43 23.21 22.80 13.08 4.38 34.90 34.21 23.12 5.79 81.06 79.43 0.497 
4070ti_t128x256k16g42s32gac 4.05 1.02 16.17 15.24 8.86 2.96 23.63 22.85 15.55 3.89 54.49 52.92 0.732 
4070ti_t256x128k16g24s32gac 3.75 0.95 14.99 14.26 8.25 2.76 21.99 21.38 14.50 3.63 50.79 49.55 0.786 
4070ti_t256x128k16g42s32gac 3.87 0.97 15.46 14.69 8.51 2.84 22.68 22.04 14.94 3.74 52.35 51.11 0.763 
4070ti_t256x128k16g42s32gacbt 4.55 1.13 18.26 17.31 10.04 3.35 26.79 26.00 17.66 4.42 61.78 60.18 0.647 
4070ti_t256x256k16g44s32gac 6.93 1.89 27.37 26.12 15.32 5.23 40.26 39.45 26.58 6.82 92.88 91.13 0.423 
base 2.91 0.75 11.51 11.03 6.37 2.15 16.86 16.50 11.16 2.85 38.88 45.87 1.000 
bx_t128x128k32g42s32f32c 3.15 0.80 12.51 11.89 6.90 2.32 18.33 17.79 12.09 3.05 42.23 41.17 0.940 
bx_t128x256k32g42s32f32c 3.76 0.95 15.03 14.12 8.23 2.74 21.93 21.18 14.43 3.60 50.56 49.01 0.789 
t128x128k16g22s32 3.09 0.80 12.18 11.81 6.77 2.30 17.94 17.62 11.90 3.04 41.39 619.01 0.759 FALLBACK:"kernel_name": "linear_q4gsw_tiled_texture3d_texture2d_half";"kernel_name": "sar
t128x128k32g22s32f32c 3.68 0.92 14.67 13.95 8.06 2.63 21.41 20.82 14.14 3.45 49.57 48.51 0.808 
t128x128k32g24s32 5.29 1.34 20.96 20.34 11.75 3.92 31.33 30.51 20.70 5.18 72.56 70.78 0.553 
t128x128k32g24s32f32c 3.62 0.91 14.48 13.60 7.95 2.64 21.13 20.44 13.90 3.48 48.69 47.17 0.819 
t128x128k32g42s32 4.82 1.21 19.16 18.56 10.69 3.57 28.46 27.84 18.83 4.71 65.99 64.61 0.607 
t128x128k32g42s32f32 44.26 11.27 176.62 177.47 99.59 33.46 264.80 265.53 176.81 44.50 617.28 45.80 0.080 FALLBACK:"kernel_name": "linear_q4gsw_tiled_texture3d_texture2d_half";"kernel_name": "sar
t128x128k32g42s32f32c 3.50 0.89 13.87 13.25 7.67 2.56 20.37 19.85 13.46 3.37 47.01 45.84 0.846 
t128x128k32g42s32f32cbt 3.19 0.81 12.65 12.06 6.97 2.35 18.54 18.04 12.24 3.09 42.74 41.75 0.928 
t128x256k32g42s32f32c 3.99 1.00 15.93 15.14 8.77 2.93 23.37 22.72 15.40 3.86 54.00 52.71 0.739 
t256x128k32g24s32f32c 3.75 0.95 15.01 14.19 8.24 2.75 21.96 21.27 14.46 3.62 50.69 49.25 0.788 
t256x128k32g42s32f32c 4.11 1.04 16.42 15.62 9.05 3.02 24.13 23.43 15.89 3.98 55.73 54.34 0.717 
t256x128k32g44s32f32c 3.50 0.87 13.99 13.15 7.66 2.56 20.41 19.71 13.42 3.36 46.95 45.61 0.849 
t64x256k32g41s32f32c 4.23 1.08 16.92 16.27 9.39 3.14 24.90 24.38 16.45 4.14 57.56 56.39 0.692 
