token 1b:wq_wo 1b:wk_wv 1b:w1_w3 1b:w2 3b:wq_wo 3b:wk_wv 3b:w1_w3 3b:w2 8b:wq_wo 8b:wk_wv 8b:w1_w3 8b:w2 geomean_vs_base kernel
4070ti_bh_t128x128k64g24s32mk32ra 4.25 0.94 16.95 16.29 9.28 3.08 24.72 24.44 16.25 4.07 56.90 55.82 0.915 
4070ti_bh_t128x128k64g42s32mk32ra 4.35 1.03 17.39 16.50 9.12 3.04 24.30 24.74 16.02 4.01 56.13 56.10 0.909 
4070ti_bh_t128x128k64g44s32mk32ra 3.68 0.93 14.59 13.94 8.04 2.68 21.41 20.91 14.02 3.51 49.10 47.88 1.050 
4070ti_bh_t256x128k32g42s32mk32ra 4.32 1.08 17.25 16.17 9.59 3.20 25.58 24.27 16.45 4.12 57.67 57.04 0.892 
4070ti_t128x128k32g42s32mk32ra 5.26 1.23 21.33 22.29 12.32 4.05 32.84 33.48 21.62 5.38 75.90 77.61 0.691 
4070ti_t128x128k64g22s32mk32ra 4.90 1.26 19.65 18.54 10.93 3.60 29.04 28.19 19.26 4.76 68.19 65.63 0.775 
4070ti_t128x128k64g24s32mk32ra 4.79 1.18 19.11 19.58 10.54 3.49 28.05 29.37 18.45 4.62 64.59 68.54 0.788 
4070ti_t128x128k64g42s32mk32ra 4.92 1.23 19.63 19.21 10.78 3.56 28.71 28.81 19.06 4.78 66.80 67.18 0.775 
4070ti_t128x256k32g81s32mk32ra 5.41 1.37 21.68 21.03 12.07 3.96 32.06 31.49 21.20 5.22 74.46 73.31 0.701 
4070ti_t128x64k64g42s32mk32ra 4.82 1.17 19.25 16.16 10.25 3.43 27.23 24.22 18.60 4.67 64.97 56.12 0.830 
4070ti_t128x64k64g44s32mk32ra 5.03 1.27 19.98 18.08 11.15 3.73 29.63 27.12 19.53 4.89 68.52 62.85 0.770 
4070ti_t256x128k32g24s32mk32ra 5.18 1.28 20.67 19.68 11.29 3.77 30.10 29.51 20.21 5.07 70.78 67.49 0.742 
4070ti_t256x128k32g42s32mk32ra 4.90 1.21 19.63 18.87 10.89 3.63 29.01 28.33 18.87 4.72 66.06 65.60 0.780 
4070ti_t256x128k32g44s32mk32ra 5.18 1.29 20.66 19.52 10.95 3.69 29.21 29.30 20.00 5.01 69.92 66.70 0.750 
4070ti_t256x64k64g42s32mk32ra 5.25 1.29 20.93 19.80 11.30 3.79 30.07 29.71 20.16 5.05 70.57 69.45 0.737 
4070ti_t256x64k64g44s32mk32ra 4.55 1.17 17.88 17.75 9.93 3.32 26.48 26.62 17.80 4.45 62.34 59.91 0.838 
4070ti_t64x128k64g42s32mk32ra 4.40 1.11 17.73 15.99 10.07 3.33 26.84 24.46 17.25 4.29 60.57 56.29 0.867 
base 3.83 0.97 15.05 14.29 8.79 2.92 23.41 21.43 14.63 3.65 51.18 49.48 1.000 
