token 1b:wq_wo 1b:wk_wv 1b:w1_w3 1b:w2 3b:wq_wo 3b:wk_wv 3b:w1_w3 3b:w2 8b:wq_wo 8b:wk_wv 8b:w1_w3 8b:w2 geomean_vs_base kernel
base 2.91 0.75 11.50 11.02 6.37 2.15 16.86 16.48 11.15 2.84 38.85 45.81 1.000 
orin_t128x128k16g22s32bt 2.96 0.77 11.68 11.31 6.49 2.21 17.20 16.88 11.40 2.92 39.69 39.05 0.992 
orin_t128x128k32g22s32bt 3.60 0.92 14.24 13.82 7.94 2.67 21.10 20.68 13.96 3.53 48.75 47.93 0.815 
orin_t128x128k32g42s32f32bt 3.19 0.81 12.64 12.06 6.98 2.35 18.55 18.04 12.24 3.09 42.77 41.73 0.927 
orin_t256x128k16g22s32 2.91 0.75 11.50 11.02 6.36 2.15 16.86 16.48 11.15 2.84 38.84 38.14 1.016 
orin_t256x128k16g22s32bt 2.88 0.73 11.39 10.96 6.32 2.11 16.72 16.37 11.07 2.80 38.55 37.86 1.026 
orin_t256x128k16g22s32c 2.98 0.76 11.78 11.30 6.52 2.20 17.27 16.85 11.42 2.90 39.75 38.95 0.992 
orin_t256x128k16g22s32cbt 2.89 0.73 11.44 10.92 6.33 2.10 16.75 16.32 11.07 2.77 38.52 37.70 1.027 
orin_t256x128k16g24s32 3.09 0.77 12.23 11.72 6.78 2.24 17.97 17.51 11.87 2.94 41.31 40.43 0.961 
orin_t256x128k16g24s32bt 4.39 1.10 17.49 16.72 9.67 3.24 25.79 25.05 16.98 4.26 59.35 58.17 0.670 
orin_t256x128k16g42s32 3.51 0.88 14.01 13.24 7.71 2.58 20.58 19.84 13.52 3.38 47.38 45.93 0.842 
orin_t256x128k16g42s32bt 2.86 0.74 11.35 10.86 6.29 2.12 16.66 16.22 10.99 2.80 38.30 37.45 1.030 
orin_t256x128k16g44s32bt 4.67 1.19 18.63 17.89 10.36 3.47 27.63 26.83 18.16 4.56 63.70 62.22 0.626 
