# screen2-8da4w, per round: kernel_median_us of the coopmat arm, texture3d.
token,round,1b_w1_w3,1b_w2,1b_wk_wv,1b_wq_wo,3b_w1_w3,3b_w2,3b_wk_wv,3b_wq_wo,8b_w1_w3,8b_w2,8b_wk_wv,8b_wq_wo
base,1,1215,1349,91,301,1999,1999,284,700,4574,4861,369,1240
base,2,1207,1350,92,306,2011,2004,279,715,4575,4860,370,1297
bt_t128x128k32g44s16m8,1,2137,2461,168,615,3232,3523,473,1299,7304,7874,618,2176
bt_t128x128k32g44s16m8,2,2147,2476,168,616,3245,3595,474,1313,7424,7864,621,2172
bt_t128x64k32g24s16m8,1,3213,3645,257,861,4916,5102,695,1866,11486,12468,926,3369
bt_t128x64k32g24s16m8,2,3218,3702,257,866,4949,5216,703,1865,11682,12515,928,3410
bt_t128x64k32g42s16m8,1,2227,2612,169,619,3348,3822,615,1336,7578,8511,647,2271
bt_t128x64k32g42s16m8,2,2234,3151,170,619,3344,3873,614,1356,7626,8524,810,2266
bt_t128x64k64g44s16m8,1,933,1153,78,242,1507,1759,210,544,3765,4794,294,984
bt_t128x64k64g44s16m8,2,941,1139,79,242,1502,1760,203,533,3716,4565,284,957
sweep_t128x128k32g44s16m8,1,3143,3595,237,877,4769,5076,664,1894,10395,11272,862,3069
sweep_t128x128k32g44s16m8,2,3151,3585,233,876,4764,5074,672,1877,10388,11266,862,3067
sweep_t128x64k32g24s16m8,1,4551,5148,370,1235,6819,6997,952,2683,15951,16920,1288,4706
sweep_t128x64k32g24s16m8,2,5439,7175,369,1241,6832,6999,959,2857,20437,18347,1336,4877
sweep_t128x64k32g42s16m8,1,3313,3775,245,932,5102,5367,933,2047,11524,11841,1216,3371
sweep_t128x64k32g42s16m8,2,3321,3780,245,942,5118,5364,938,2077,11814,11957,1218,3365
sweep_t128x64k32g44s16m8,1,1485,1706,114,374,2479,2633,311,788,4546,6830,354,1191
sweep_t128x64k32g44s16m8,2,1539,1710,117,378,2479,2658,312,795,4553,7363,358,1189
sweep_t128x64k64g44s16m8,1,1726,1953,136,426,2634,2770,354,955,6089,7082,480,1701
sweep_t128x64k64g44s16m8,2,1735,1878,133,433,2646,2762,356,967,6092,7062,480,1678
sweep_t256x128k32g48s16m8,1,2566,2943,193,744,3798,3868,566,1424,9143,9480,773,2706
sweep_t256x128k32g48s16m8,2,2565,3027,194,745,3803,3859,568,1428,10485,9477,773,2707
sweep_t256x64k32g28s16m8,1,2746,3278,203,781,4283,4692,602,1686,9421,10334,806,2860
sweep_t256x64k32g28s16m8,2,2747,3278,203,776,4119,4675,600,1704,9641,10525,813,2884
sweep_t256x64k32g44s16m8,1,2570,3040,192,729,3841,4362,558,1564,8657,9699,743,2625
sweep_t256x64k32g44s16m8,2,2571,3089,192,735,3923,4366,556,1576,8659,9771,750,2622
xe2bt_t128x128k32g88s16m8,1,1851,2022,131,429,2980,3243,333,995,7442,9096,462,1776
xe2bt_t128x128k32g88s16m8,2,1821,1913,128,428,2963,3246,329,986,7323,9092,458,1767
xe2bt_t128x128k64g84s16m8,1,918,1071,78,234,1446,1567,199,512,3546,4078,281,906
xe2bt_t128x128k64g84s16m8,2,919,1058,77,233,1460,1603,202,515,3542,4057,276,902
xe2bt_t128x64k32g44s16m8,1,1254,1391,100,332,1937,2141,279,700,5194,5478,375,1238
xe2bt_t128x64k32g44s16m8,2,1243,1384,100,330,1902,2073,271,688,5257,5482,372,1238
xe2bt_t128x64k32g48s16m8,1,2097,2247,159,510,3490,3846,419,1201,8373,9918,564,2599
xe2bt_t128x64k32g48s16m8,2,2072,2252,156,503,3419,3652,415,1188,8364,9960,563,2106
xe2bt_t128x64k64g44s16m8,1,930,1150,77,239,1514,1750,205,536,3819,4788,293,992
xe2bt_t128x64k64g44s16m8,2,941,1137,79,242,1503,1757,205,545,3719,4531,284,958
xe2bt_t128x64k64g48s16m8,1,1528,1615,116,390,2982,2635,297,830,6313,7461,400,1473
xe2bt_t128x64k64g48s16m8,2,1508,1565,114,381,2362,2527,286,807,6293,7454,396,1460
xe2bt_t256x128k32g88s16m8,1,1605,1459,103,375,2751,3047,291,904,5308,6358,387,1503
xe2bt_t256x128k32g88s16m8,2,1454,1450,101,330,2228,2377,291,854,5296,6316,388,1480
xe2bt_t256x64k32g416s16m8,1,2416,2592,160,548,3842,4276,416,1433,9096,14197,562,2345
xe2bt_t256x64k32g416s16m8,2,2338,2498,157,540,3711,4219,414,1299,9010,10271,561,2332
xe2bt_t256x64k32g48s16m8,1,1340,1446,102,341,2082,2170,282,745,5028,5895,385,1318
xe2bt_t256x64k32g48s16m8,2,1330,1427,102,341,2083,2152,281,722,5048,5564,386,1312
xe2bt_t64x128k64g82s16m8,1,976,1239,84,246,1743,1966,233,590,5629,4955,354,1183
xe2bt_t64x128k64g82s16m8,2,959,1231,85,246,1721,1942,230,589,5612,4952,355,1174
xe2bt_t64x64k128g42s16m8,1,4146,3913,280,1027,6067,6117,719,2127,15057,16184,1001,3834
xe2bt_t64x64k128g42s16m8,2,4066,3869,278,1027,6061,6133,736,2137,15033,16222,992,3781
xe2bt_t64x64k64g42s16m8,1,1549,1963,117,398,2692,3362,335,907,6511,9327,438,1549
xe2bt_t64x64k64g42s16m8,2,1535,1941,116,396,2666,3276,335,897,6541,9326,421,1481
