# screen3-4w, per round: kernel_median_us of the coopmat arm, texture3d. Round 1 of `base` was measured first, straight after the 35-minute 8da4w screen (card at 54 C), and is 17 to 21 % slow on the large shapes; round 2 is not.
token,round,1b_w1_w3,1b_w2,1b_wk_wv,1b_wq_wo,3b_w1_w3,3b_w2,3b_wk_wv,3b_wq_wo,8b_w1_w3,8b_w2,8b_wk_wv,8b_wq_wo
base,1,1535,1627,128,393,2856,2937,317,885,6561,6880,422,1520
base,2,1463,1586,127,389,2255,2366,315,854,5431,5588,419,1473
sweep_t128x128k16g24s16m8fli,1,2903,3236,267,808,4514,5106,741,1649,10096,11045,990,3113
sweep_t128x128k16g24s16m8fli,2,2913,3248,268,809,4525,5106,742,1658,10147,11148,998,3161
sweep_t128x128k16g44s16m8flib,1,1467,1591,127,394,2259,2355,315,860,5422,5547,418,1461
sweep_t128x128k16g44s16m8flib,2,1467,1594,128,394,2268,2353,316,867,5479,5579,420,1472
sweep_t128x128k32g24s16m8fli,1,10816,11260,818,2785,16474,17646,2305,6117,37564,39761,3090,11231
sweep_t128x128k32g24s16m8fli,2,11099,11335,819,2788,16467,17649,2455,6134,38104,41489,3098,11254
sweep_t128x128k32g44s16m8fli,1,2889,3209,220,756,4878,4689,646,1740,10653,11587,854,3025
sweep_t128x128k32g44s16m8fli,2,3145,3196,222,760,4920,4716,635,1776,11589,12922,869,3258
sweep_t128x256k16g44s16m8fli,1,2927,3277,215,817,4937,4890,687,2056,9766,10204,826,2893
sweep_t128x256k16g44s16m8fli,2,2926,3271,214,822,5287,4886,707,2261,11250,12335,829,2923
sweep_t128x64k16g24s16m8fli,1,1646,1833,123,449,2474,2541,335,946,5862,6008,455,1662
sweep_t128x64k16g24s16m8fli,2,1694,1837,124,454,2492,3214,339,949,6408,6471,457,1662
sweep_t64x128k16g42s16m8fli,1,1651,1820,137,449,2581,2673,348,968,6416,6477,468,1685
sweep_t64x128k16g42s16m8fli,2,1656,1821,137,449,2560,2667,348,968,6422,6492,469,1692
xe2bx_t128x128k16g44s16m8fli,1,2471,2742,153,543,3479,3596,413,1124,8129,8481,557,2477
xe2bx_t128x128k16g44s16m8fli,2,1873,2160,152,528,2845,2997,408,1084,6786,6966,547,1901
xe2bx_t128x128k16g44s16m8flib,1,2503,2730,156,544,3509,3625,416,1130,8182,8532,555,2478
xe2bx_t128x128k16g44s16m8flib,2,1895,2181,155,534,3381,3477,418,1144,8219,8287,553,1913
xe2bx_t128x128k16g44s16m8fliw,1,2447,2716,155,527,3500,3599,404,1113,8179,8478,550,2454
xe2bx_t128x128k16g44s16m8fliw,2,1854,2130,154,519,2847,2990,401,1076,6824,7000,538,1880
xe2bx_t128x128k32g44s16m8fli,1,3880,4098,243,864,6630,6631,736,2464,13639,16533,980,3974
xe2bx_t128x128k32g44s16m8fli,2,3114,3444,240,821,5223,5026,713,1876,11244,12415,931,3282
xe2bx_t256x128k16g48s16m8fli,1,2402,2738,141,543,3485,3838,406,1055,8064,9692,544,2479
xe2bx_t256x128k16g48s16m8fli,2,1838,2193,141,534,2773,2784,405,1018,6527,6922,542,1906
xe2bx_t256x128k16g48s16m8flib,1,2543,2822,153,573,3646,3995,433,1112,8369,9992,576,2585
xe2bx_t256x128k16g48s16m8flib,2,1944,2268,152,565,2921,2887,431,1081,6821,7093,574,2052
xe2s_t128x128k16g44s16m8flib,1,1468,1595,127,394,2266,2359,315,862,5425,5558,418,1466
xe2s_t128x128k16g44s16m8flib,2,1490,1830,128,396,2306,2393,318,873,5458,5954,424,1482
xe2s_t128x256k16g84s16m8flib,1,1571,1697,127,430,2734,2439,390,982,5607,5782,491,1586
xe2s_t128x256k16g84s16m8flib,2,1608,1711,127,433,2870,2499,392,1014,5613,5802,491,1597
xe2s_t256x128k16g48s16m8flib,1,1813,2076,144,517,2716,2762,407,1012,6312,6639,540,1836
xe2s_t256x128k16g48s16m8flib,2,1853,2080,144,517,2714,2757,407,1022,6335,6655,542,1849
xe2s_t256x256k16g88s16m8flib,1,2048,2328,147,578,4226,3484,492,1407,9044,10399,605,2843
xe2s_t256x256k16g88s16m8flib,2,2104,2329,150,587,3541,3484,450,1361,8240,9615,573,2268
